1      34.76
2      33.22
3      34.93
4      34.27
5      26.79
6      25.94
7      27.18
8      28.64
9      33.73
10      32.33
11      28.70
12      30.32
13      31.87
14      30.83
15      27.65
16      28.97
17      33.17
18      29.08
19      30.60
20      35.86
21      27.64
22      32.16
23      23.41
24      27.65
25      30.65
26      29.26
27      26.40
28      32.58
29      33.23
30      28.92
31      28.13
32      31.63
33      32.37
34      22.78
35      34.79
36      25.34
37      33.09
38      29.02
39      28.10
40      33.99
41      32.58
42      32.93
43      27.00
44      32.62
45      28.99
46      33.54
47      29.80
48      28.67
49      31.68
50      32.05
51      27.11
52      32.51
53      28.96
54      27.53
55      25.79
56      28.99
57      33.16
58      26.32
59      28.79
60      27.73
61      24.79
62      33.75
63      28.32
64      29.84
65      28.69
66      30.58
67      28.51
68      30.26
69      25.04
70      26.05
71      22.70
72      26.73
73      27.93
74      27.92
75      23.99
76      28.17
77      28.64
78      28.72
79      28.78
80      28.69
81      28.87
82      31.02
83      28.03
84      31.62
85      27.79
86      31.15
87      29.66
88      31.93
89      26.15
90      22.95
91      28.99
92      32.12
93      29.18
94      22.98
95      30.01
96      28.83
97      25.83
98      27.35
99      25.41
100      26.51
101      28.95
102      32.71
103      24.16
104      28.02
105      26.49
106      30.86
107      31.37
108      25.31
109      30.41
110      33.14
111      29.76
112      28.30
113      30.90
114      27.60
115      28.49
116      28.86
117      31.95
118      28.37
119      26.28
120      28.87
121      28.21
122      24.13
123      28.48
124      29.38
125      26.21
126      26.57
127      29.13
128      26.27
129      29.58
130      29.39
131      30.20
132      28.85
133      23.06
134      27.88
135      24.01
136      23.90
137      33.11
138      29.38
139      23.06
140      25.39
141      27.58
142      28.77
143      30.76
144      24.60
145      31.47
146      24.79
147      27.35
148      30.93
149      33.28
150      22.87
151      28.87
152      29.65
153      28.46
154      31.91
155      26.82
156      33.60
157      25.38
158      27.90
159      27.41
160      29.70
161      33.25
162      29.32
163      28.93
164      26.52
165      22.76
166      29.48
167      28.88
168      37.44
169      24.15
170      30.02
171      31.14
172      26.99
173      29.01
174      30.39
175      29.29
176      30.52
177      35.13
178      26.33
179      29.68
180      29.27
181      28.11
182      25.38
183      28.45
184      25.24
185      28.40
186      31.61
187      33.74
188      34.54
189      23.88
190      28.72
191      27.54
192      30.05
193      27.97
194      27.59
195      26.68
196      28.00
197      27.62
198      27.62
199      29.22
200      28.83
201      29.19
202      27.69
203      29.46
204      29.10
205      21.10
206      25.71
207      29.55
208      27.60
209      28.89
210      26.88
211      30.39
212      28.47
213      29.75
214      30.99
215      29.38
216      21.96
217      29.79
218      25.55
219      30.27
220      29.34
221      29.55
222      32.91
223      31.79
224      33.80
225      23.32
226      28.50
227      25.64
228      25.14
229      33.80
230      29.11
231      30.51
232      23.71
233      28.65
234      29.28
235      29.66
236      31.91
237      27.58
238      31.07
239      32.47
240      27.80
241      26.81
242      32.99
243      28.06
244      31.56
245      29.68
246      26.81
247      27.74
248      30.16
249      28.95
250      29.54
251      32.10
252      24.50
253      26.91
254      27.12
255      25.55
256      23.59
257      26.19
258      26.37
259      30.80
260      28.59
261      27.47
262      27.67
263      31.53
264      27.39
265      32.08
266      30.23
267      21.57
268      32.19
269      31.86
270      29.68
271      21.07
272      29.15
273      27.75
274      32.88
275      33.72
276      28.47
277      33.93
278      29.55
279      23.19
280      33.20
281      27.89
282      32.68
283      30.24
284      31.19
285      34.57
286      30.99
287      31.78
288      32.78
289      32.25
290      27.54
291      27.77
292      28.10
293      33.37
294      27.44
295      26.42
296      34.86
297      26.89
298      28.45
299      29.91
300      29.10
301      28.59
302      27.87
303      31.95
304      27.55
305      27.65
306      28.41
307      28.99
308      34.23
309      26.77
310      27.80
311      29.17
312      27.60
313      28.87
314      28.46
315      28.77
316      28.90
317      29.39
318      30.76
319      22.40
320      33.78
321      32.97
322      28.12
323      29.36
324      27.97
325      31.10
326      28.93
327      32.17
328      30.44
329      25.60
330      29.32
331      29.19
332      24.33
333      28.40
334      31.21
335      24.49
336      30.15
337      23.81
338      26.05
339      30.72
340      27.02
341      33.77
342      19.62
343      26.62
344      30.70
345      24.26
346      31.62
347      28.88
348      28.50
349      32.42
350      21.38
351      26.39
352      26.50
353      21.43
354      29.15
355      27.72
356      29.76
357      26.80
358      24.16
359      28.21
360      30.61
361      24.96
362      28.78
363      26.80
364      24.33
365      28.10
366      27.68
367      28.39
368      28.94
369      29.41
370      29.65
371      28.85
372      31.85
373      24.52
374      27.94
375      29.30
376      29.71
377      28.62
378      31.13
379      29.61
380      29.19
381      30.09
382      22.91
383      27.57
384      32.27
385      27.52
386      28.53
387      29.55
388      29.69
389      28.01
390      29.15
391      24.06
392      29.23
393      29.16
394      27.99
395      28.68
396      22.78
397      26.22
398      28.55
399      26.58
400      27.77
401      34.56
402      33.59
403      25.73
404      28.26
405      29.23
406      28.27
407      26.60
408      24.10
409      32.97
410      31.69
411      26.87
412      30.06
413      28.19
414      31.69
415      28.73
416      28.05
417      32.78
418      31.40
419      23.27
420      24.15
421      30.38
422      28.44
423      22.35
424      27.06
425      27.29
426      26.42
427      29.40
428      29.89
429      28.24
430      29.43
431      29.88
432      28.48
433      20.53
434      27.96
435      33.86
436      31.10
437      28.26
438      22.69
439      25.80
440      29.81
441      25.89
442      27.46
443      33.00
444      27.81
445      22.72
446      28.64
447      27.31
448      27.57
449      30.61
450      26.62
451      30.51
452      31.51
453      33.08
454      27.71
455      25.70
456      28.77
457      26.79
458      28.29
459      28.48
460      30.77
461      35.09
462      29.88
463      32.95
464      27.64
465      26.64
466      29.76
467      32.92
468      27.59
469      35.01
470      24.24
471      28.88
472      29.05
473      27.92
474      28.22
475      29.62
476      30.18
477      32.89
478      30.39
479      28.48
480      27.65
481      33.52
482      28.86
483      32.16
484      28.35
485      34.47
486      25.91
487      29.90
488      28.10
489      30.81
490      29.14
491      34.62
492      33.19
493      25.93
494      26.03
495      23.04
496      27.53
497      27.35
498      27.91
499      28.03
500      28.91
501      27.88
502      29.62
503      32.79
504      26.43
505      29.30
506      29.90
507      33.00
508      28.34
509      32.77
510      34.47
511      30.59
512      35.15
513      25.98
514      22.26
515      28.49
516      27.72
517      33.04
518      27.69
519      34.29
520      27.41
521      33.07
522      28.99
523      28.46
524      29.22
525      32.71
526      26.34
527      34.18
528      35.08
529      29.42
530      22.83
531      23.98
532      27.40
533      34.69
534      33.66
535      28.98
536      28.82
537      27.24
538      26.93
539      28.44
540      28.80
541      27.79
542      27.61
543      33.65
544      31.85
545      28.40
546      28.79
547      34.40
548      27.25
549      32.05
550      29.10
551      28.12
552      28.10
553      29.02
554      27.33
555      30.04
556      27.49
557      29.27
558      32.75
559      28.75
560      33.88
561      33.87
562      29.01
563      29.14
564      30.13
565      28.83
566      26.72
567      30.07
568      29.88
569      32.44
570      27.88
571      29.44
572      33.84
573      30.60
574      33.15
575      33.57
576      23.91
577      32.79
578      28.66
579      34.27
580      24.40
581      32.61
582      27.83
583      28.29
584      24.19
585      27.13
586      28.57
587      23.08
588      29.26
589      22.91
590      31.46
591      31.05
592      29.95
593      31.76
594      30.02
595      33.61
596      29.27
597      28.10
598      28.00
599      29.51
600      28.46
601      34.47
602      28.84
603      29.34
604      28.41
605      29.16
606      29.04
607      32.92
608      27.94
609      29.64
610      25.90
611      28.16
612      29.95
613      33.51
614      26.87
615      25.49
616      30.70
617      23.81
618      34.13
619      28.37
620      21.81
621      28.07
622      28.76
623      33.41
624      29.20
625      26.64
626      33.33
627      27.78
628      29.37
629      29.39
630      31.04
631      27.44
632      29.25
633      28.58
634      26.35
635      32.65
636      25.14
637      26.77
638      27.74
639      26.53
640      31.20
641      25.88
642      31.21
643      22.17
644      25.26
645      31.90
646      34.21
647      29.34
648      29.37
649      28.95
650      27.45
651      30.77
652      27.01
653      27.37
654      29.71
655      23.63
656      28.09
657      34.21
658      34.24
659      31.66
660      30.65
661      25.01
662      32.60
663      32.27
664      28.06
665      33.09
666      29.81
667      29.84
668      34.42
669      24.24
670      31.49
671      31.89
672      34.54
673      30.95
674      22.81
675      27.79
676      29.28
677      28.21
678      29.19
679      28.77
680      32.84
681      29.00
682      29.09
683      27.44
684      28.70
685      26.60
686      26.82
687      27.25
688      28.08
689      29.14
690      28.47
691      30.58
692      31.08
693      29.65
694      30.50
695      28.89
696      28.73
697      32.10
698      31.04
699      29.68
700      29.56
701      29.92
702      24.01
703      29.36
704      29.00
705      26.82
706      28.33
707      30.51
708      28.79
709      29.16
710      32.57
711      29.19
712      27.39
713      28.94
714      29.52
715      30.58
716      27.34
717      27.94
718      33.13
719      32.04
720      29.78
721      24.02
722      28.35
723      28.58
724      30.17
725      27.44
726      28.93
727      27.47
728      24.97
729      29.93
730      29.46
731      27.11
732      32.59
733      27.04
734      28.28
735      30.69
736      28.35
737      28.79
738      30.86
739      27.88
740      29.46
741      28.23
742      32.11
743      31.45
744      29.71
745      29.28
746      27.65
747      26.74
748      27.70
749      28.86
750      31.91
751      28.48
752      31.04
753      34.02
754      29.41
755      28.48
756      28.88
757      29.97
758      28.07
759      30.43
760      30.77
761      29.51
762      29.85
763      32.21
764      29.25
765      27.80
766      33.34
767      29.56
768      28.01
769      30.38
770      28.53
771      29.22
772      28.23
773      28.81
774      27.98
775      34.41
776      27.96
777      26.23
778      29.32
779      29.74
780      34.93
781      27.30
782      27.04
783      29.61
784      29.12
785      27.21
786      33.64
787      33.01
788      27.61
789      30.63
790      31.27
791      30.84
792      29.10
793      31.87
794      29.79
795      27.02
796      28.13
797      28.82
798      26.80
799      32.97
800      28.04
801      28.75
802      31.41
803      30.87
804      27.24
805      27.98
806      28.45
807      33.06
808      30.75
809      28.46
810      27.95
811      26.11
812      23.26
813      25.63
814      34.78
815      24.17
816      28.45
817      33.59
818      26.61
819      28.05
820      30.79
821      29.72
822      29.58
823      29.24
824      27.88
825      29.23
826      29.73
827      27.38
828      29.41
829      31.91
830      29.31
831      27.06
832      33.10
833      27.07
834      29.03
835      28.98
836      32.56
837      28.99
838      32.82
839      29.40
840      33.59
841      27.68
842      24.46
843      32.01
844      27.82
845      27.36
846      31.28
847      28.80
848      32.62
849      25.19
850      32.69
851      29.73
852      31.29
853      27.51
854      30.87
855      27.85
856      29.62
857      27.60
858      30.79
859      29.22
860      24.83
861      27.61
862      28.17
863      28.75
864      28.98
865      29.21
866      29.52
867      30.22
868      34.20
869      29.78
870      25.41
871      29.54
872      23.93
873      29.10
874      29.69
875      30.46
876      27.65
877      33.49
878      34.53
879      31.49
880      29.46
881      27.93
882      28.63
883      28.22
884      26.39
885      28.78
886      28.25
887      32.12
888      28.05
889      29.69
890      23.55
891      33.50
892      26.91
893      28.33
894      29.59
895      27.86
896      31.11
897      28.36
898      30.14
899      31.56
900      28.48
901      32.99
902      28.60
903      27.62
904      29.31
905      31.08
906      26.40
907      25.25
908      28.64
909      28.06
910      29.31
911      27.85
912      28.07
913      24.38
914      23.28
915      27.64
916      30.20
917      24.38
918      32.07
919      27.60
920      28.86
921      30.37
922      30.70
923      28.24
924      30.49
925      29.08
926      24.05
927      28.80
928      26.89
929      28.44
930      29.49
931      30.90
932      25.96
933      30.43
934      33.42
935      28.32
936      29.72
937      33.07
938      29.25
939      27.97
940      25.37
941      26.16
942      32.02
943      27.13
944      33.25
945      28.98
946      27.69
947      29.51
948      32.13
949      27.76
950      29.42
951      35.00
952      28.55
953      28.83
954      30.85
955      22.86
956      28.03
957      28.38
958      29.66
959      23.07
960      28.20
961      27.16
962      23.91
963      26.77
964      33.72
965      27.80
966      28.16
967      25.99
968      31.08
969      29.66
970      32.09
971      25.59
972      28.66
973      29.73
974      32.10
975      28.85
976      30.30
977      27.49
978      28.65
979      28.89
980      32.96
981      29.29
982      30.17
983      28.59
984      29.32
985      26.89
986      33.61
987      28.88
988      30.82
989      31.38
990      28.09
991      29.46
992      30.96
993      33.68
994      23.28
995      26.52
996      32.67
997      28.05
998      33.98
999      23.87
1000      28.81
1001      27.21
1002      33.31
1003      28.81
1004      33.13
1005      33.95
1006      27.51
1007      33.19
1008      23.03
1009      27.46
1010      29.31
1011      25.44
1012      27.90
1013      29.83
1014      28.42
1015      28.09
1016      34.82
1017      26.98
1018      30.71
1019      28.16
1020      30.32
1021      25.81
1022      31.38
1023      33.82
1024      29.52
1025      23.50
1026      30.80
1027      25.01
1028      34.45
1029      27.00
1030      30.91
1031      25.36
1032      27.62
1033      28.95
1034      30.82
1035      29.32
1036      27.99
1037      23.89
1038      30.69
1039      34.79
1040      34.90
1041      28.12
1042      30.04
1043      32.85
1044      27.81
1045      32.34
1046      27.64
1047      29.62
1048      27.45
1049      27.25
1050      31.54
1051      28.70
1052      30.54
1053      30.95
1054      33.43
1055      31.32
1056      28.17
1057      34.43
1058      31.30
1059      26.57
1060      30.33
1061      28.23
1062      28.16
1063      34.05
1064      28.14
1065      28.36
1066      33.20
1067      28.15
1068      31.46
1069      31.54
1070      34.30
1071      33.85
1072      30.86
1073      25.23
1074      31.93
1075      32.62
1076      22.97
1077      31.25
1078      31.35
1079      29.63
1080      29.21
1081      26.61
1082      32.32
1083      31.82
1084      27.43
1085      30.23
1086      30.57
1087      27.50
1088      24.70
1089      28.18
1090      30.52
1091      28.68
1092      31.13
1093      28.13
1094      24.73
1095      34.92
1096      28.75
1097      32.71
1098      28.37
1099      26.35
1100      28.98
1101      29.59
1102      29.12
1103      28.40
1104      23.99
1105      28.74
1106      29.04
1107      28.34
1108      25.61
1109      31.24
1110      30.01
1111      28.20
1112      29.13
1113      33.39
1114      29.13
1115      25.15
1116      27.68
1117      33.71
1118      29.79
1119      37.29
1120      26.32
1121      27.97
1122      28.98
1123      24.50
1124      25.42
1125      32.39
1126      30.98
1127      34.24
1128      29.97
1129      33.39
1130      31.03
1131      31.38
1132      32.92
1133      32.76
1134      29.39
1135      33.61
1136      28.96
1137      27.86
1138      28.29
1139      30.49
1140      29.14
1141      33.46
1142      26.09
1143      22.31
1144      28.10
1145      32.07
1146      29.99
1147      22.46
1148      26.76
1149      30.13
1150      23.93
1151      28.51
1152      23.22
1153      33.04
1154      27.99
1155      29.85
1156      27.29
1157      29.10
1158      29.65
1159      26.18
1160      27.97
1161      32.55
1162      23.03
1163      30.61
1164      33.27
1165      33.36
1166      28.42
1167      33.33
1168      28.02
1169      32.35
1170      29.58
1171      27.14
1172      28.78
1173      34.57
1174      29.98
1175      33.79
1176      30.77
1177      28.04
1178      34.16
1179      28.51
1180      32.25
1181      29.69
1182      29.69
1183      27.02
1184      29.73
1185      30.39
1186      31.23
1187      27.88
1188      33.95
1189      27.88
1190      23.99
1191      33.84
1192      28.04
1193      27.31
1194      29.26
1195      25.87
1196      29.53
1197      24.82
1198      29.22
1199      28.43
1200      28.74
1201      28.96
1202      26.17
1203      33.52
1204      24.22
1205      31.11
1206      34.07
1207      32.57
1208      30.24
1209      29.36
1210      29.28
1211      30.75
1212      32.17
1213      29.12
1214      30.04
1215      29.94
1216      29.53
1217      26.99
1218      28.11
1219      28.72
1220      23.87
1221      30.84
1222      23.27
1223      27.60
1224      27.88
1225      27.56
1226      28.36
1227      26.58
1228      27.80
1229      27.97
1230      33.56
1231      33.33
1232      33.62
1233      23.81
1234      29.96
1235      29.46
1236      32.75
1237      23.16
1238      25.18
1239      32.40
1240      30.53
1241      32.07
1242      28.32
1243      23.40
1244      32.01
1245      30.29
1246      34.64
1247      33.32
1248      31.32
1249      26.96
1250      24.17
1251      25.19
1252      33.18
1253      33.33
1254      29.25
1255      31.84
1256      24.76
1257      29.00
1258      27.42
1259      29.39
1260      24.17
1261      24.16
1262      31.34
1263      30.07
1264      27.92
1265      27.02
1266      32.85
1267      32.51
1268      30.02
1269      33.00
1270      27.51
1271      29.84
1272      28.75
1273      23.79
1274      27.96
1275      30.79
1276      30.64
1277      23.06
1278      33.31
1279      32.38
1280      29.31
1281      27.22
1282      34.52
1283      29.69
1284      28.57
1285      28.53
1286      31.46
1287      32.69
1288      25.62
1289      25.19
1290      31.69
1291      29.03
1292      32.15
1293      30.26
1294      28.94
1295      24.09
1296      36.30
1297      30.65
1298      30.17
1299      33.72
1300      34.76
1301      31.89
1302      31.78
1303      28.42
1304      24.72
1305      30.56
1306      27.93
1307      30.89
1308      27.77
1309      33.20
1310      29.46
1311      29.90
1312      27.06
1313      29.63
1314      24.33
1315      27.97
1316      27.41
1317      28.12
1318      32.42
1319      30.75
1320      30.60
1321      33.99
1322      28.97
1323      27.15
1324      24.31
1325      30.44
1326      35.07
1327      28.98
1328      26.56
1329      33.01
1330      30.78
1331      30.25
1332      32.26
1333      34.03
1334      30.71
1335      33.89
1336      30.78
1337      29.97
1338      27.97
1339      31.76
1340      30.64
1341      27.78
1342      33.08
1343      25.92
1344      27.98
1345      28.73
1346      21.64
1347      33.86
1348      30.90
1349      26.92
1350      32.43
1351      25.19
1352      30.33
1353      29.32
1354      27.72
1355      27.62
1356      28.48
1357      32.42
1358      32.42
1359      32.88
1360      23.13
1361      34.49
1362      28.37
1363      35.91
1364      28.93
1365      27.87
1366      32.68
1367      27.34
1368      24.84
1369      30.84
1370      27.95
1371      29.79
1372      27.51
1373      29.20
1374      28.25
1375      28.33
1376      31.55
1377      28.14
1378      33.62
1379      27.71
1380      23.77
1381      29.50
1382      28.63
1383      26.26
1384      28.08
1385      29.90
1386      34.51
1387      29.57
1388      27.91
1389      30.25
1390      23.15
1391      28.75
1392      25.14
1393      28.80
1394      31.32
1395      29.73
1396      31.24
1397      29.70
1398      32.52
1399      29.24
1400      23.21
1401      26.95
1402      30.48
1403      28.52
1404      29.21
1405      30.80
1406      30.37
1407      30.23
1408      30.89
1409      30.87
1410      25.35
1411      30.77
1412      30.72
1413      31.41
1414      28.99
1415      29.25
1416      30.19
1417      30.96
1418      28.05
1419      30.94
1420      30.16
1421      31.39
1422      31.59
1423      29.45
1424      26.50
1425      31.36
1426      30.20
1427      31.20
1428      29.03
1429      30.18
1430      30.67
1431      31.39
1432      32.12
1433      32.37
1434      29.90
1435      31.05
1436      32.04
1437      28.45
1438      28.85
1439      30.55
1440      30.51
1441      33.38
1442      30.50
1443      31.78
1444      29.15
1445      29.62
1446      30.39
1447      22.37
1448      29.78
1449      30.55
1450      31.98
1451      28.65
1452      24.97
1453      29.41
1454      29.48
1455      31.86
1456      29.44
1457      29.65
1458      28.26
1459      30.34
1460      29.78
1461      27.53
1462      29.04
1463      31.00
1464      30.00
1465      32.90
1466      28.92
1467      29.74
1468      33.76
1469      28.85
1470      32.36
1471      26.14
1472      25.79
1473      28.32
1474      28.67
1475      28.86
1476      26.22
1477      31.67
1478      28.59
1479      31.90
1480      28.22
1481      29.94
1482      27.06
1483      30.49
1484      27.54
1485      33.11
1486      35.04
1487      28.93
1488      26.19
1489      27.56
1490      29.34
1491      33.38
1492      33.13
1493      29.85
1494      30.18
1495      27.08
1496      28.52
1497      27.57
1498      29.24
1499      29.38
1500      29.92
1501      33.96
1502      31.76
1503      34.14
1504      31.69
1505      31.08
1506      34.39
1507      29.76
1508      28.16
1509      32.19
1510      34.69
1511      26.58
1512      26.75
1513      30.25
1514      28.85
1515      29.02
1516      28.88
1517      27.56
1518      29.92
1519      26.99
1520      27.94
1521      31.47
1522      28.43
1523      22.94
1524      28.41
1525      30.96
1526      34.05
1527      29.53
1528      29.77
1529      32.26
1530      33.78
1531      30.00
1532      30.54
1533      31.20
1534      30.54
1535      31.70
1536      24.18
1537      30.55
1538      23.98
1539      29.44
1540      33.42
1541      31.22
1542      33.26
1543      33.42
1544      25.80
1545      34.02
1546      31.95
1547      28.86
1548      27.94
1549      32.74
1550      26.25
1551      33.35
1552      29.87
1553      29.52
1554      25.82
1555      32.13
1556      23.61
1557      33.01
1558      30.37
1559      28.90
1560      28.99
1561      29.32
1562      34.38
1563      27.28
1564      23.89
1565      32.13
1566      35.11
1567      33.59
1568      34.08
1569      22.99
1570      25.62
1571      31.17
1572      33.00
1573      31.08
1574      26.33
1575      25.86
1576      27.05
1577      27.77
1578      28.32
1579      30.88
1580      31.00
1581      31.64
1582      32.95
1583      29.24
1584      28.43
1585      24.71
1586      27.38
1587      24.25
1588      30.68
1589      25.72
1590      25.58
1591      27.43
1592      33.60
1593      28.36
1594      31.81
1595      33.74
1596      31.81
1597      32.51
1598      32.91
1599      28.25
1600      29.76
1601      32.15
1602      31.32
1603      23.69
1604      28.80
1605      27.80
1606      26.68
1607      25.55
1608      22.79
1609      33.64
1610      28.48
1611      27.28
1612      28.33
1613      33.41
1614      27.74
1615      34.20
1616      27.30
1617      23.16
1618      26.47
1619      28.42
1620      24.33
1621      31.06
1622      31.64
1623      35.24
1624      30.63
1625      33.19
1626      31.11
1627      33.56
1628      26.57
1629      28.61
1630      23.58
1631      27.17
1632      31.53
1633      35.46
1634      32.85
1635      34.53
1636      23.71
1637      25.74
1638      29.73
1639      28.67
1640      29.70
1641      25.29
1642      27.36
1643      30.10
1644      25.45
1645      28.61
1646      28.77
1647      26.34
1648      28.35
1649      31.70
1650      28.24
1651      27.80
1652      33.26
1653      23.15
1654      24.58
1655      27.69
1656      28.47
1657      28.33
1658      28.17
1659      28.69
1660      31.32
1661      24.18
1662      32.42
1663      32.89
1664      28.43
1665      31.98
1666      28.79
1667      31.33
1668      32.61
1669      32.43
1670      31.16
1671      28.67
1672      32.84
1673      30.59
1674      27.43
1675      28.52
1676      28.57
1677      28.73
1678      30.36
1679      25.48
1680      34.98
1681      30.75
1682      23.42
1683      29.31
1684      20.41
1685      28.45
1686      26.51
1687      26.13
1688      34.50
1689      30.92
1690      29.65
1691      25.48
1692      29.22
1693      34.15
1694      31.56
1695      32.52
1696      25.40
1697      29.67
1698      28.33
1699      30.20
1700      29.91
1701      27.75
1702      31.37
1703      29.74
1704      26.25
1705      30.34
1706      31.10
1707      32.83
1708      34.61
1709      33.17
1710      34.46
1711      33.01
1712      27.37
1713      31.95
1714      29.82
1715      28.21
1716      33.50
1717      28.68
1718      29.90
1719      30.17
1720      27.53
1721      28.84
1722      30.87
1723      29.78
1724      31.06
1725      26.79
1726      28.32
1727      28.31
1728      32.59
1729      29.83
1730      26.20
1731      27.58
1732      34.05
1733      33.15
1734      24.72
1735      30.46
1736      34.54
1737      24.80
1738      33.40
1739      28.17
1740      30.59
1741      27.60
1742      29.85
1743      25.48
1744      30.67
1745      30.12
1746      32.32
1747      28.31
1748      28.17
1749      29.96
1750      29.50
1751      32.45
1752      26.75
1753      26.82
1754      23.26
1755      36.11
1756      28.82
1757      29.36
1758      28.80
1759      33.56
1760      29.90
1761      28.04
1762      33.70
1763      34.47
1764      26.38
1765      29.52
1766      28.49
1767      30.23
1768      27.23
1769      33.92
1770      28.36
1771      31.79
1772      29.21
1773      29.15
1774      29.19
1775      31.51
1776      31.97
1777      29.54
1778      34.08
1779      22.64
1780      29.91
1781      33.63
1782      25.06
1783      33.09
1784      34.28
1785      32.33
1786      28.85
1787      25.91
1788      27.94
1789      28.69
1790      27.58
1791      26.84
1792      33.07
1793      29.11
1794      29.21
1795      22.35
1796      28.14
1797      25.98
1798      30.40
1799      31.93
1800      35.42
1801      28.90
1802      27.46
1803      28.57
1804      29.49
1805      26.70
1806      33.66
1807      26.94
1808      33.91
1809      31.55
1810      29.31
1811      28.67
1812      29.12
1813      29.13
1814      26.86
1815      34.23
1816      31.73
1817      27.71
1818      27.49
1819      32.91
1820      26.16
1821      27.62
1822      28.76
1823      27.85
1824      28.20
1825      27.69
1826      26.27
1827      25.89
1828      34.71
1829      28.15
1830      28.06
1831      28.93
1832      23.61
1833      33.18
1834      30.22
1835      30.38
1836      32.70
1837      27.47
1838      28.20
1839      33.61
1840      31.19
1841      28.56
1842      29.98
1843      32.52
1844      30.13
1845      30.32
1846      25.52
1847      30.05
1848      31.94
1849      32.10
1850      24.46
1851      27.67
1852      28.80
1853      30.26
1854      30.08
1855      28.67
1856      28.96
1857      28.92
1858      28.90
1859      33.75
1860      31.75
1861      26.82
1862      29.33
1863      31.81
1864      28.74
1865      29.94
1866      35.32
1867      27.90
1868      28.28
1869      20.40
1870      30.18
1871      29.29
1872      29.91
1873      29.65
1874      30.29
1875      23.30
1876      29.40
1877      23.94
1878      29.06
1879      27.57
1880      28.98
1881      29.57
1882      29.76
1883      22.98
1884      25.86
1885      28.13
1886      28.50
1887      29.13
1888      22.82
1889      29.74
1890      30.81
1891      29.50
1892      31.52
1893      28.05
1894      29.84
1895      31.88
1896      22.86
1897      29.39
1898      29.51
1899      30.18
1900      29.64
1901      31.07
1902      27.16
1903      27.10
1904      31.36
1905      29.80
1906      36.23
1907      31.45
1908      35.66
1909      29.60
1910      27.86
1911      35.85
1912      30.87
1913      28.38
1914      23.47
1915      28.58
1916      28.22
1917      29.35
1918      23.93
1919      34.44
1920      29.50
1921      31.90
1922      29.03
1923      32.21
1924      23.95
1925      27.15
1926      24.52
1927      31.10
1928      30.94
1929      36.25
1930      34.44
1931      29.61
1932      30.35
1933      28.58
1934      24.69
1935      23.79
1936      23.98
1937      31.18
1938      28.14
1939      30.14
1940      29.74
1941      28.47
1942      28.02
1943      31.28
1944      28.00
1945      26.79
1946      32.05
1947      31.94
1948      29.00
1949      32.14
1950      29.18
1951      30.59
1952      30.12
1953      29.82
1954      29.89
1955      32.80
1956      31.63
1957      29.68
1958      28.55
1959      35.86
1960      24.44
1961      29.68
1962      28.26
1963      31.57
1964      28.38
1965      30.29
1966      22.15
1967      28.94
1968      29.19
1969      25.23
1970      30.74
1971      28.13
1972      31.89
1973      27.18
1974      29.52
1975      30.65
1976      29.83
1977      23.58
1978      28.21
1979      27.85
1980      29.57
1981      23.72
1982      26.15
1983      26.78
1984      28.25
1985      28.26
1986      28.04
1987      28.56
1988      27.33
1989      28.06
1990      30.41
1991      27.77
1992      30.75
1993      29.86
1994      28.94
1995      28.78
1996      30.77
1997      24.28
1998      31.13
1999      29.35
2000      28.14
2001      21.95
2002      27.28
2003      29.66
2004      26.59
2005      27.20
2006      27.24
2007      29.37
2008      27.99
2009      30.73
2010      23.86
2011      29.67
2012      23.97
2013      28.73
2014      31.95
2015      27.29
2016      30.35
2017      28.14
2018      32.38
2019      27.82
2020      27.75
2021      28.33
2022      27.86
2023      29.18
2024      24.62
2025      31.74
2026      30.29
2027      29.12
2028      26.67
2029      30.39
2030      28.30
2031      34.92
2032      25.39
2033      29.37
2034      29.76
2035      30.18
2036      29.34
2037      32.33
2038      26.65
2039      28.85
2040      31.06
2041      27.17
2042      31.88
2043      30.19
2044      27.27
2045      29.73
2046      22.39
2047      26.67
2048      29.58
2049      29.00
2050      22.95
2051      28.41
2052      30.44
2053      22.01
2054      23.70
2055      27.39
2056      29.17
2057      28.02
2058      34.14
2059      32.27
2060      34.78
2061      32.06
2062      28.75
2063      23.14
2064      31.18
2065      29.09
2066      31.85
2067      28.33
2068      26.02
2069      28.27
2070      27.51
2071      29.81
2072      28.47
2073      33.47
2074      31.48
2075      33.58
2076      29.49
2077      34.41
2078      27.66
2079      29.94
2080      26.69
2081      31.17
2082      29.90
2083      28.63
2084      29.36
2085      27.68
2086      28.08
2087      27.78
2088      30.25
2089      23.94
2090      26.58
2091      32.49
2092      33.78
2093      31.19
2094      28.37
2095      30.10
2096      27.13
2097      28.21
2098      31.52
2099      29.07
2100      27.04
2101      23.38
2102      32.68
2103      29.99
2104      26.05
2105      30.93
2106      34.74
2107      23.28
2108      30.17
2109      33.01
2110      30.67
2111      31.99
2112      29.57
2113      30.52
2114      24.56
2115      33.28
2116      31.25
2117      30.07
2118      30.10
2119      30.09
2120      20.96
2121      33.51
2122      26.38
2123      33.10
2124      27.48
2125      28.56
2126      32.80
2127      28.20
2128      29.05
2129      25.49
2130      28.66
2131      26.13
2132      31.39
2133      28.15
2134      28.81
2135      25.80
2136      26.54
2137      29.62
2138      24.75
2139      29.16
2140      26.91
2141      32.70
2142      27.97
2143      31.22
2144      30.13
2145      28.75
2146      27.72
2147      28.86
2148      25.69
2149      23.38
2150      25.95
2151      29.32
2152      34.34
2153      30.37
2154      26.70
2155      30.02
2156      26.60
2157      28.10
2158      27.91
2159      30.66
2160      29.73
2161      25.36
2162      33.67
2163      24.87
2164      32.65
2165      28.35
2166      28.98
2167      29.45
2168      29.75
2169      30.65
2170      26.92
2171      27.74
2172      28.54
2173      28.63
2174      24.20
2175      32.28
2176      29.71
2177      25.10
2178      25.37
2179      29.54
2180      26.87
2181      29.74
2182      30.24
2183      30.83
2184      27.63
2185      26.99
2186      24.59
2187      30.30
2188      28.34
2189      32.55
2190      30.07
2191      28.62
2192      28.99
2193      27.14
2194      33.57
2195      33.25
2196      24.49
2197      26.56
2198      28.04
2199      25.66
2200      34.57
2201      29.44
2202      23.76
2203      29.38
2204      24.72
2205      32.12
2206      29.70
2207      27.03
2208      27.51
2209      34.17
2210      26.90
2211      28.16
2212      30.65
2213      33.78
2214      30.17
2215      27.58
2216      29.43
2217      27.18
2218      28.06
2219      33.37
2220      34.17
2221      25.89
2222      31.98
2223      29.54
2224      29.62
2225      32.79
2226      29.35
2227      29.88
2228      29.00
2229      29.65
2230      35.24
2231      27.80
2232      33.20
2233      29.60
2234      28.71
2235      28.69
2236      33.97
2237      25.59
2238      29.49
2239      28.71
2240      33.22
2241      25.49
2242      29.23
2243      28.50
2244      24.71
2245      35.89
2246      24.62
2247      28.79
2248      26.43
2249      30.68
2250      28.94
2251      31.59
2252      27.13
2253      24.90
2254      33.73
2255      28.78
2256      27.08
2257      30.80
2258      32.79
2259      28.93
2260      24.68
2261      29.07
2262      32.19
2263      33.15
2264      31.85
2265      33.45
2266      31.95
2267      27.61
2268      24.95
2269      28.94
2270      29.39
2271      29.59
2272      25.51
2273      31.33
2274      25.45
2275      27.49
2276      28.11
2277      28.21
2278      29.70
2279      31.44
2280      26.75
2281      30.50
2282      28.64
2283      28.08
2284      29.23
2285      33.23
2286      26.86
2287      31.77
2288      29.10
2289      29.74
2290      30.57
2291      27.75
2292      28.11
2293      29.92
2294      29.74
2295      28.96
2296      32.18
2297      26.56
2298      24.82
2299      28.75
2300      31.44
2301      28.13
2302      28.82
2303      32.68
2304      34.10
2305      35.73
2306      28.77
2307      32.94
2308      28.78
2309      29.39
2310      26.10
2311      29.14
2312      31.48
2313      30.02
2314      28.86
2315      30.88
2316      25.02
2317      27.92
2318      30.88
2319      27.02
2320      26.76
2321      29.81
2322      26.79
2323      33.15
2324      31.64
2325      34.69
2326      27.47
2327      25.14
2328      32.95
2329      33.54
2330      30.02
2331      28.62
2332      32.16
2333      31.57
2334      27.25
2335      28.85
2336      29.30
2337      26.81
2338      28.38
2339      34.92
2340      22.95
2341      29.61
2342      30.51
2343      27.33
2344      31.72
2345      31.86
2346      31.40
2347      29.05
2348      28.31
2349      29.88
2350      27.54
2351      35.14
2352      31.78
2353      31.71
2354      29.99
2355      28.36
2356      31.42
2357      23.53
2358      32.16
2359      30.46
2360      29.01
2361      28.74
2362      28.79
2363      29.17
2364      34.93
2365      25.71
2366      31.64
2367      30.52
2368      29.53
2369      24.10
2370      33.70
2371      30.05
2372      28.89
2373      31.83
2374      33.92
2375      29.10
2376      27.80
2377      33.03
2378      34.79
2379      29.70
2380      34.77
2381      27.66
2382      32.44
2383      30.77
2384      33.75
2385      34.22
2386      28.44
2387      28.69
2388      31.02
2389      26.30
2390      28.19
2391      29.06
2392      32.62
2393      32.86
2394      27.26
2395      26.32
2396      23.50
2397      28.91
2398      28.39
2399      28.02
2400      26.86
2401      27.29
2402      29.27
2403      31.94
2404      28.97
2405      29.52
2406      24.93
2407      28.65
2408      27.94
2409      34.91
2410      28.88
2411      28.48
2412      32.76
2413      28.85
2414      23.93
2415      28.85
2416      29.86
2417      26.90
2418      32.90
2419      22.59
2420      30.08
2421      21.48
2422      29.88
2423      28.30
2424      26.65
2425      28.97
2426      27.53
2427      24.75
2428      29.80
2429      29.38
2430      26.76
2431      34.62
2432      31.96
2433      25.87
2434      34.02
2435      29.61
2436      35.79
2437      31.12
2438      26.99
2439      25.59
2440      25.97
2441      34.79
2442      32.10
2443      33.91
2444      24.26
2445      27.95
2446      26.43
2447      30.95
2448      30.22
2449      29.54
2450      29.93
2451      29.30
2452      30.08
2453      28.63
2454      28.14
2455      28.56
2456      27.21
2457      33.54
2458      23.54
2459      27.43
2460      29.60
2461      29.10
2462      29.02
2463      25.34
2464      29.80
2465      28.65
2466      32.03
2467      29.25
2468      25.18
2469      29.81
2470      24.74
2471      31.02
2472      26.52
2473      28.89
2474      31.63
2475      26.06
2476      27.36
2477      29.66
2478      32.85
2479      26.61
2480      27.76
2481      29.94
2482      24.50
2483      29.94
2484      28.18
2485      30.50
2486      27.18
2487      30.05
2488      33.25
2489      30.05
2490      25.40
2491      31.38
2492      25.99
2493      30.65
2494      29.45
2495      33.11
2496      25.57
2497      25.85
2498      28.14
2499      32.20
2500      33.00
2501      28.60
2502      23.81
2503      28.48
2504      25.19
2505      26.16
2506      28.89
2507      28.34
2508      23.48
2509      27.83
2510      26.55
2511      30.99
2512      31.30
2513      24.37
2514      27.46
2515      27.33
2516      27.57
2517      28.81
2518      35.02
2519      25.44
2520      29.43
2521      32.50
2522      30.23
2523      26.95
2524      30.71
2525      28.90
2526      35.54
2527      29.77
2528      32.31
2529      28.66
2530      29.08
2531      28.67
2532      29.44
2533      27.31
2534      32.49
2535      29.75
2536      29.23
2537      34.58
2538      27.77
2539      30.39
2540      25.09
2541      28.32
2542      27.55
2543      31.32
2544      31.41
2545      33.58
2546      31.07
2547      27.89
2548      28.45
2549      24.85
2550      27.82
2551      33.36
2552      33.28
2553      35.01
2554      32.66
2555      28.47
2556      35.43
2557      28.19
2558      30.67
2559      30.66
2560      28.55
2561      26.58
2562      29.45
2563      33.32
2564      32.70
2565      29.85
2566      31.88
2567      28.21
2568      32.68
2569      30.35
2570      31.33
2571      35.33
2572      29.36
2573      23.79
2574      35.20
2575      27.07
2576      26.75
2577      31.28
2578      27.75
2579      35.45
2580      34.31
2581      20.79
2582      32.58
2583      31.08
2584      35.94
2585      26.84
2586      29.07
2587      30.27
2588      24.67
2589      35.13
2590      34.61
2591      29.93
2592      34.39
2593      29.40
2594      23.37
2595      33.98
2596      35.69
2597      34.19
2598      23.08
2599      28.13
2600      27.02
2601      24.73
2602      28.91
2603      29.00
2604      22.64
2605      29.87
2606      33.88
2607      25.77
2608      28.95
2609      27.39
2610      28.13
2611      29.16
2612      28.86
2613      28.94
2614      27.09
2615      27.55
2616      27.29
2617      31.29
2618      28.77
2619      33.73
2620      29.19
2621      33.17
2622      28.56
2623      33.84
2624      27.67
2625      32.92
2626      24.77
2627      31.97
2628      28.73
2629      28.27
2630      26.93
2631      27.80
2632      31.76
2633      29.20
2634      33.68
2635      34.47
2636      33.78
2637      34.11
2638      32.40
2639      27.25
2640      33.08
2641      30.19
2642      28.53
2643      22.94
2644      36.85
2645      34.43
2646      30.46
2647      25.80
2648      29.62
2649      24.52
2650      26.54
2651      27.83
2652      33.04
2653      31.55
2654      28.46
2655      25.93
2656      27.80
2657      29.43
2658      31.41
2659      32.81
2660      25.14
2661      25.59
2662      30.22
2663      29.54
2664      28.52
2665      29.93
2666      30.36
2667      29.42
2668      26.46
2669      22.90
2670      32.04
2671      26.56
2672      27.16
2673      31.61
2674      29.73
2675      34.52
2676      25.78
2677      31.05
2678      26.75
2679      24.45
2680      28.83
2681      26.78
2682      27.15
2683      27.38
2684      29.23
2685      27.92
2686      29.97
2687      29.65
2688      33.69
2689      30.03
2690      28.07
2691      27.05
2692      27.83
2693      28.34
2694      34.44
2695      29.48
2696      25.18
2697      28.63
2698      26.53
2699      31.88
2700      29.55
2701      28.55
2702      30.49
2703      29.54
2704      30.21
2705      35.29
2706      30.40
2707      31.10
2708      33.01
2709      30.42
2710      34.43
2711      31.18
2712      29.61
2713      30.48
2714      28.72
2715      33.90
2716      30.68
2717      31.78
2718      24.03
2719      27.97
2720      32.26
2721      27.55
2722      26.73
2723      25.75
2724      31.89
2725      32.52
2726      27.87
2727      29.12
2728      32.94
2729      28.88
2730      29.26
2731      27.21
2732      28.44
2733      27.33
2734      25.50
2735      31.17
2736      27.60
2737      30.02
2738      31.60
2739      29.46
2740      30.09
2741      28.90
2742      33.56
2743      31.24
2744      27.33
2745      32.21
2746      24.43
2747      30.91
2748      27.46
2749      26.35
2750      30.59
2751      29.01
2752      33.22
2753      33.97
2754      34.60
2755      33.77
2756      28.49
2757      31.90
2758      29.84
2759      29.04
2760      30.14
2761      28.46
2762      29.80
2763      30.15
2764      32.58
2765      31.08
2766      29.05
2767      27.94
2768      24.47
2769      27.96
2770      28.92
2771      33.98
2772      25.88
2773      26.75
2774      26.60
2775      29.66
2776      29.66
2777      30.74
2778      33.84
2779      27.85
2780      31.31
2781      27.96
2782      27.84
2783      30.46
2784      29.22
2785      28.03
2786      27.46
2787      30.44
2788      30.66
2789      32.95
2790      24.20
2791      28.31
2792      33.49
2793      29.45
2794      29.60
2795      29.77
2796      23.60
2797      26.63
2798      29.37
2799      31.34
2800      29.46
2801      32.11
2802      23.74
2803      29.15
2804      30.24
2805      30.37
2806      29.93
2807      31.65
2808      33.57
2809      32.78
2810      34.35
2811      26.52
2812      28.63
2813      30.95
2814      26.38
2815      29.09
2816      30.14
2817      33.73
2818      33.91
2819      24.58
2820      23.51
2821      31.96
2822      24.66
2823      28.72
2824      33.34
2825      28.70
2826      29.74
2827      30.02
2828      28.32
2829      30.67
2830      23.24
2831      24.11
2832      28.83
2833      28.56
2834      27.14
2835      33.29
2836      24.45
2837      28.19
2838      35.45
2839      28.58
2840      25.78
2841      29.34
2842      28.19
2843      26.50
2844      33.03
2845      25.41
2846      28.04
2847      30.94
2848      24.64
2849      24.84
2850      30.78
2851      31.48
2852      32.10
2853      29.34
2854      29.40
2855      29.14
2856      29.29
2857      28.59
2858      30.02
2859      27.48
2860      26.94
2861      29.48
2862      30.17
2863      29.45
2864      27.22
2865      29.53
2866      27.37
2867      28.54
2868      29.58
2869      30.31
2870      26.34
2871      31.22
2872      29.67
2873      27.28
2874      29.01
2875      28.03
2876      27.19
2877      29.18
2878      28.72
2879      31.58
2880      29.38
2881      28.51
2882      31.43
2883      29.02
2884      30.12
2885      29.39
2886      30.92
2887      30.07
2888      30.46
2889      29.10
2890      27.73
2891      28.32
2892      28.85
2893      28.31
2894      28.02
2895      32.67
2896      29.35
2897      29.92
2898      29.37
2899      29.31
2900      26.19
2901      29.75
2902      30.65
2903      27.49
2904      23.88
2905      29.91
2906      26.58
2907      27.16
2908      29.53
2909      28.93
2910      28.35
2911      28.93
2912      28.28
2913      28.41
2914      29.18
2915      29.94
2916      27.89
2917      27.82
2918      29.13
2919      29.89
2920      29.63
2921      30.16
2922      29.09
2923      26.96
2924      28.86
2925      28.91
2926      28.28
2927      27.11
2928      29.28
2929      29.07
2930      29.25
2931      28.78
2932      23.68
2933      24.96
2934      29.12
2935      27.59
2936      31.14
2937      27.92
2938      29.03
2939      29.63
2940      29.50
2941      29.59
2942      28.92
2943      30.26
2944      29.32
2945      30.85
2946      26.91
2947      24.02
2948      23.66
2949      27.66
2950      29.19
2951      26.94
2952      26.70
2953      28.35
2954      29.56
2955      26.52
2956      29.37
2957      30.40
2958      30.61
2959      28.94
2960      29.55
2961      30.79
2962      29.97
2963      30.24
2964      29.03
2965      29.16
2966      28.50
2967      30.46
2968      30.47
2969      29.31
2970      29.24
2971      28.85
2972      30.04
2973      31.78
2974      30.04
2975      30.29
2976      28.66
2977      30.83
2978      30.74
2979      29.81
2980      26.89
2981      30.51
2982      30.85
2983      28.93
2984      29.98
2985      26.80
2986      29.35
2987      28.96
2988      30.12
2989      34.87
2990      28.05
2991      29.38
2992      22.44
2993      29.01
2994      34.12
2995      29.43
2996      29.10
2997      29.91
2998      30.32
2999      28.61
3000      30.16
3001      25.33
3002      31.14
3003      29.29
3004      29.30
3005      29.95
3006      33.04
3007      29.22
3008      31.34
3009      29.02
3010      29.12
3011      29.08
3012      29.96
3013      26.36
3014      30.15
3015      22.92
3016      25.41
3017      23.05
3018      29.01
3019      31.00
3020      29.95
3021      29.05
3022      23.62
3023      30.85
3024      29.75
3025      30.78
3026      29.68
3027      31.28
3028      29.06
3029      23.42
3030      29.27
3031      18.27
3032      31.29
3033      29.11
3034      27.89
3035      25.01
3036      25.34
3037      25.16
3038      32.54
3039      28.89
3040      28.20
3041      29.64
3042      24.43
3043      29.43
3044      30.45
3045      26.75
3046      29.71
3047      23.66
3048      30.39
3049      29.15
3050      31.17
3051      28.08
3052      27.82
3053      28.21
3054      28.58
3055      30.01
3056      25.82
3057      27.78
3058      26.88
3059      29.07
3060      29.20
3061      28.46
3062      28.79
3063      28.45
3064      22.08
3065      26.90
3066      28.42
3067      29.98
3068      32.42
3069      28.70
3070      30.06
3071      28.83
3072      32.05
3073      28.84
3074      31.30
3075      31.30
3076      23.77
3077      29.69
3078      29.50
3079      29.60
3080      29.46
3081      28.61
3082      28.57
3083      29.95
3084      27.48
3085      32.43
3086      28.02
3087      30.12
3088      28.86
3089      25.74
3090      24.08
3091      23.83
3092      30.98
3093      23.09
3094      29.54
3095      30.12
3096      31.76
3097      28.79
3098      28.90
3099      29.20
3100      28.89
3101      30.13
3102      31.40
3103      33.59
3104      29.52
3105      30.46
3106      29.85
3107      29.00
3108      29.90
3109      23.89
3110      28.59
3111      28.11
3112      22.89
3113      29.00
3114      29.72
3115      27.46
3116      30.30
3117      29.77
3118      29.16
3119      30.66
3120      30.50
3121      29.04
3122      22.86
3123      25.68
3124      29.80
3125      29.98
3126      28.79
3127      25.09
3128      26.91
3129      27.11
3130      27.88
3131      29.89
3132      29.34
3133      30.38
3134      31.46
3135      23.51
3136      22.17
3137      30.05
3138      30.91
3139      29.96
3140      27.82
3141      26.33
3142      24.62
3143      28.12
3144      31.64
3145      29.80
3146      30.91
3147      31.32
3148      30.45
3149      21.62
3150      31.37
3151      27.61
3152      26.94
3153      30.24
3154      24.77
3155      27.01
3156      25.98
3157      32.41
3158      25.27
3159      31.80
3160      29.70
3161      28.91
3162      30.36
3163      28.74
3164      30.49
3165      29.54
3166      30.98
3167      29.85
3168      29.29
3169      30.91
3170      29.64
3171      29.75
3172      30.09
3173      31.23
3174      23.63
3175      22.82
3176      30.01
3177      30.83
3178      24.61
3179      21.90
3180      28.41
3181      29.10
3182      31.83
3183      30.16
3184      30.86
3185      26.67
3186      29.29
3187      30.09
3188      29.36
3189      28.64
3190      26.75
3191      28.99
3192      28.94
3193      29.07
3194      32.70
3195      30.80
3196      29.05
3197      23.99
3198      24.69
3199      21.19
3200      29.51
3201      28.89
3202      32.18
3203      24.43
3204      31.62
3205      31.09
3206      28.92
3207      31.24
3208      29.99
3209      29.31
3210      27.59
3211      31.01
3212      25.19
3213      30.42
3214      26.01
3215      24.50
3216      30.95
3217      29.80
3218      26.99
3219      31.78
3220      29.11
3221      30.48
3222      29.37
3223      29.68
3224      24.47
3225      29.27
3226      30.03
3227      29.04
3228      30.25
3229      29.62
3230      31.25
3231      27.48
3232      27.66
3233      26.53
3234      30.06
3235      27.12
3236      28.98
3237      29.71
3238      32.20
3239      29.20
3240      32.09
3241      29.24
3242      29.47
3243      26.65
3244      28.80
3245      28.68
3246      30.65
3247      30.00
3248      28.99
3249      29.92
3250      28.95
3251      29.59
3252      28.23
3253      29.61
3254      34.20
3255      34.43
3256      28.58
3257      29.97
3258      29.20
3259      27.01
3260      33.53
3261      30.41
3262      31.34
3263      29.77
3264      28.57
3265      29.07
3266      28.62
3267      31.36
3268      30.03
3269      28.96
3270      28.68
3271      27.65
3272      28.40
3273      30.56
3274      30.08
3275      28.31
3276      27.51
3277      30.35
3278      29.21
3279      29.28
3280      27.86
3281      27.83
3282      30.52
3283      29.34
3284      26.42
3285      28.02
3286      33.69
3287      29.31
3288      33.63
3289      30.18
3290      23.63
3291      27.79
3292      22.94
3293      27.65
3294      32.71
3295      28.86
3296      29.10
3297      32.16
3298      30.02
3299      27.58
3300      30.39
3301      29.42
3302      34.15
3303      28.63
3304      27.87
3305      26.96
3306      32.61
3307      28.08
3308      30.95
3309      31.52
3310      26.94
3311      27.63
3312      27.91
3313      28.47
3314      27.06
3315      26.56
3316      29.27
3317      29.11
3318      25.60
3319      31.19
3320      27.82
3321      29.51
3322      27.78
3323      28.91
3324      27.91
3325      28.47
3326      30.30
3327      28.90
3328      29.29
3329      29.07
3330      31.65
3331      29.60
3332      29.19
3333      32.21
3334      29.48
3335      27.09
3336      27.79
3337      33.24
3338      31.39
3339      28.67
3340      34.09
3341      26.81
3342      31.34
3343      21.71
3344      28.80
3345      29.86
3346      28.86
3347      24.62
3348      24.79
3349      29.34
3350      28.87
3351      26.51
3352      30.20
3353      29.66
3354      25.96
3355      28.27
3356      32.84
3357      28.39
3358      29.46
3359      29.09
3360      28.89
3361      25.50
3362      30.52
3363      28.48
3364      34.92
3365      28.51
3366      20.02
3367      28.16
3368      29.55
3369      29.70
3370      25.37
3371      29.57
3372      34.35
3373      22.54
3374      27.71
3375      26.69
3376      30.24
3377      35.11
3378      24.39
3379      28.96
3380      30.25
3381      27.40
3382      22.95
3383      29.06
3384      29.26
3385      27.65
3386      34.12
3387      31.27
3388      32.63
3389      30.34
3390      23.09
3391      28.13
3392      17.79
3393      26.83
3394      30.51
3395      33.30
3396      28.99
3397      29.64
3398      32.05
3399      34.65
3400      27.76
3401      29.50
3402      28.85
3403      30.60
3404      26.78
3405      30.38
3406      29.60
3407      31.37
3408      26.59
3409      28.22
3410      28.27
3411      23.56
3412      30.82
3413      24.51
3414      27.14
3415      26.90
3416      25.73
3417      34.08
3418      29.49
3419      28.35
3420      26.57
3421      30.42
3422      26.29
3423      34.28
3424      29.94
3425      32.86
3426      28.15
3427      24.31
3428      33.48
3429      34.12
3430      23.68
3431      29.27
3432      28.87
3433      29.18
3434      28.18
3435      27.59
3436      29.52
3437      31.65
3438      33.15
3439      24.81
3440      29.94
3441      29.62
3442      29.25
3443      33.77
3444      25.83
3445      33.09
3446      25.72
3447      28.75
3448      30.12
3449      28.29
3450      30.59
3451      26.96
3452      31.22
3453      29.05
3454      29.54
3455      28.21
3456      29.61
3457      32.57
3458      34.11
3459      28.63
3460      29.89
3461      31.95
3462      29.54
3463      23.17
3464      24.97
3465      27.67
3466      25.91
3467      34.63
3468      29.70
3469      31.21
3470      30.26
3471      34.34
3472      30.37
3473      23.07
3474      28.83
3475      31.54
3476      28.79
3477      33.59
3478      25.27
3479      34.25
3480      34.51
3481      26.06
3482      32.90
3483      27.49
3484      25.86
3485      31.97
3486      31.01
3487      28.02
3488      28.53
3489      30.91
3490      27.88
3491      29.81
3492      30.36
3493      34.47
3494      30.58
3495      28.91
3496      31.94
3497      30.59
3498      34.12
3499      29.87
3500      32.18
3501      29.59
3502      27.08
3503      28.12
3504      25.95
3505      26.76
3506      29.23
3507      28.01
3508      27.02
3509      28.36
3510      30.08
3511      27.12
3512      28.82
3513      29.60
3514      27.88
3515      27.65
3516      27.04
3517      27.45
3518      28.95
3519      27.63
3520      28.79
3521      28.23
3522      30.95
3523      28.93
3524      27.11
3525      27.80
3526      28.25
3527      28.01
3528      28.50
3529      27.07
3530      26.59
3531      26.28
3532      27.33
3533      27.76
3534      28.25
3535      25.57
3536      28.17
3537      29.47
3538      27.64
3539      26.37
3540      28.01
3541      -1
3542      28.12
3543      28.05
3544      28.44
3545      26.83
3546      25.44
3547      26.12
3548      27.48
3549      25.81
3550      29.43
3551      26.81
3552      26.82
3553      26.09
3554      26.46
3555      29.27
3556      28.51
3557      28.54
3558      27.29
3559      27.33
3560      29.27
3561      28.31
3562      27.24
3563      25.33
3564      27.77
3565      29.59
3566      27.07
3567      25.62
3568      28.32
3569      27.22
3570      28.90
3571      26.26
3572      25.63
3573      26.73
3574      27.53
3575      27.96
3576      27.91
3577      27.50
3578      27.81
3579      25.90
3580      25.99
3581      28.22
3582      26.63
3583      26.79
3584      28.59
3585      26.15
3586      28.15
3587      28.34
3588      28.31
3589      28.34
3590      26.50
3591      27.17
3592      26.63
3593      27.14
3594      28.64
3595      24.52
3596      28.87
3597      26.17
3598      29.42
3599      28.20
3600      28.44
3601      27.51
3602      28.65
3603      28.17
3604      28.48
3605      27.56
3606      28.74
3607      28.08
3608      27.91
3609      -1
3610      26.43
3611      27.18
3612      27.20
3613      28.57
3614      26.37
3615      29.26
3616      28.70
3617      27.54
3618      26.64
3619      26.08
3620      29.26
3621      27.25
3622      28.42
3623      28.71
3624      26.93
3625      30.74
3626      27.29
3627      28.21
3628      27.35
3629      28.57
3630      29.03
3631      26.47
3632      27.11
3633      27.15
3634      26.20
3635      28.34
3636      27.34
3637      28.63
3638      27.30
3639      27.34
3640      28.30
3641      -1
3642      26.65
3643      28.24
3644      28.52
3645      28.74
3646      26.37
3647      26.95
3648      30.08
3649      29.83
3650      28.36
3651      -1
3652      27.78
3653      26.65
3654      27.86
3655      27.58
3656      29.41
3657      27.99
3658      29.19
3659      26.13
3660      28.97
3661      26.09
3662      29.94
3663      26.10
3664      27.68
3665      26.07
3666      29.18
3667      28.29
3668      26.38
3669      27.59
3670      28.64
3671      27.80
3672      26.36
3673      27.66
3674      28.68
3675      27.28
3676      -1
3677      26.64
3678      27.37
3679      27.45
3680      28.30
3681      27.22
3682      28.16
3683      27.03
3684      27.15
3685      28.60
3686      26.70
3687      31.06
3688      27.95
3689      27.51
3690      27.17
3691      24.99
3692      27.83
3693      28.53
3694      26.24
3695      26.96
3696      27.30
3697      29.28
3698      27.18
3699      27.36
3700      30.18
3701      28.45
3702      27.56
3703      26.88
3704      28.89
3705      28.12
3706      -1
3707      -1
3708      -1
3709      -1
3710      -1
3711      -1
3712      -1
3713      -1
3714      -1
3715      -1
3716      -1
3717      -1
3718      -1
3719      -1
3720      -1
3721      -1
3722      -1
3723      -1
3724      -1
3725      -1
3726      -1
3727      -1
3728      -1
3729      -1
3730      -1
3731      -1
3732      -1
3733      -1
3734      -1
3735      -1
3736      -1
3737      -1
3738      -1
3739      -1
3740      -1
3741      -1
3742      -1
3743      -1
3744      -1
3745      -1
3746      -1
3747      -1
3748      -1
3749      -1
3750      -1
3751      -1
3752      -1
3753      -1
3754      -1
3755      -1
3756      -1
3757      -1
3758      -1
3759      -1
3760      -1
3761      -1
3762      -1
3763      -1
3764      -1
3765      -1
3766      -1
3767      -1
3768      -1
3769      -1
3770      -1
3771      -1
3772      -1
3773      -1
3774      -1
3775      -1
3776      -1
3777      -1
3778      -1
3779      -1
3780      -1
3781      26.42
3782      28.08
3783      27.91
3784      27.75
3785      28.30
3786      28.81
3787      28.20
3788      27.94
3789      -1
3790      25.99
3791      30.45
3792      28.10
3793      27.38
3794      27.26
3795      27.74
3796      28.96
3797      -1
3798      26.70
3799      27.57
3800      28.45
3801      27.68
3802      29.40
3803      24.94
3804      27.39
3805      27.15
3806      29.30
3807      28.18
3808      28.56
3809      28.46
3810      29.51
3811      25.07
3812      31.75
3813      26.89
3814      28.64
3815      28.74
3816      30.50
3817      27.08
3818      25.77
3819      26.42
3820      26.17
3821      28.00
3822      28.48
3823      27.41
3824      30.82
3825      27.95
3826      29.78
3827      26.67
3828      -1
3829      29.14
3830      26.37
3831      29.25
3832      27.14
3833      28.42
3834      28.44
3835      27.28
3836      27.08
3837      -1
3838      27.27
3839      25.62
3840      29.28
3841      26.75
3842      28.52
3843      27.50
3844      26.86
3845      28.85
3846      30.56
3847      28.45
3848      27.45
3849      28.36
3850      27.57
3851      29.29
3852      30.10
3853      25.82
3854      26.34
3855      27.60
3856      27.04
3857      27.84
3858      27.56
3859      -1
3860      27.69
3861      27.61
3862      26.83
3863      27.64
3864      30.02
3865      26.87
3866      27.10
3867      26.47
3868      27.31
3869      28.03
3870      28.29
3871      -1
3872      26.58
3873      28.12
3874      28.27
3875      28.50
3876      -1
3877      27.55
3878      26.97
3879      28.83
3880      27.43
3881      29.99
3882      -1
3883      -1
3884      27.63
3885      -1
3886      28.94
3887      -1
3888      30.95
3889      -1
3890      25.98
3891      26.66
3892      -1
3893      27.47
3894      27.89
3895      28.57
3896      27.20
3897      -1
3898      -1
3899      27.82
3900      28.22
3901      27.71
3902      25.80
3903      28.10
3904      -1
3905      -1
3906      27.83
3907      27.19
3908      28.47
3909      -1
3910      27.04
3911      26.05
3912      -1
3913      25.10
3914      25.21
3915      -1
3916      -1
3917      -1
3918      26.05
3919      -1
3920      -1
3921      -1
3922      26.81
3923      29.06
3924      29.57
3925      28.82
3926      -1
3927      25.55
3928      28.57
3929      28.88
3930      27.84
3931      -1
3932      -1
3933      25.71
3934      27.89
3935      26.91
3936      28.44
3937      25.20
3938      28.39
3939      28.05
3940      -1
3941      -1
3942      28.27
3943      27.16
3944      27.80
3945      -1
3946      26.99
3947      -1
3948      27.36
3949      29.35
3950      -1
3951      28.20
3952      27.69
3953      -1
3954      -1
3955      27.86
3956      28.25
3957      28.05
3958      26.24
3959      26.97
